1
3
4 1 3
5 1 4
6 1 5
8 3 5
10 4 6
12 4 8
17 5 12
21 4 17
23 6 17
28 5 23
32 4 28
34 6 28
39 5 34
43 4 39
48 5 43
52 4 48
54 6 48
59 5 54
63 4 59
68 5 63
72 4 68
74 6 68
79 5 74
83 4 79
98 39 59
99 1 98
101 3 98
110 12 98
114 4 110
121 23 98
125 4 121
132 34 98
136 4 132
139 3 136
143 4 139
145 6 139
152 54 98
161 63 98
165 4 161
172 74 98
176 4 172
187 48 139
192 5 187
196 4 192
201 5 196
205 4 201
212 98 114
216 4 212
223 98 125
227 4 223
232 5 227
234 98 136
236 4 232
243 98 145
247 4 243
252 5 247
256 4 252
258 6 252
274 98 176
278 4 274
283 5 278
285 98 187
287 4 283
294 98 196
298 4 294
314 98 216
318 4 314
325 98 227
329 4 325
340 139 201
343 3 340
347 4 343
349 6 343
356 98 258
374 34 340
376 98 278
378 4 374
385 98 287
389 4 385
396 98 298
400 4 396
405 5 400
409 4 405
416 98 318
420 4 416
425 5 420
427 98 329
429 4 425
438 98 340
447 98 349
451 4 447
456 5 451
460 4 456
462 6 456
467 5 462
471 4 467
482 139 343
493 68 425
507 98 409
511 4 507
518 98 420
522 4 518
547 54 493
549 98 451
551 4 547
558 98 460
560 98 462
562 4 558
569 98 471
573 4 569
578 5 573
580 98 482
582 4 578
591 98 493
609 98 511
613 4 609
620 98 522
624 4 620
660 98 562
664 4 660
666 6 660
686 139 547
691 5 686
695 4 691
711 98 613
715 4 711
722 98 624
726 4 722
731 5 726
735 4 731
737 6 731
742 5 737
746 4 742
762 98 664
764 98 666
766 4 762
784 98 686
788 4 784
813 98 715
817 4 813
819 6 813
835 98 737
839 4 835
864 98 766
868 4 864
886 98 788
915 98 817
917 98 819
919 4 915
937 98 839
941 4 937
946 5 941
950 4 946
966 98 868
970 4 966
1017 98 919
1021 4 1017
1023 6 1017
1028 5 1023
1032 4 1028
1037 5 1032
1039 98 941
1041 4 1037
1048 98 950
1052 4 1048
1068 98 970
1072 4 1068
1119 98 1021
1121 98 1023
1123 4 1119
1130 98 1032
1134 4 1130
1150 98 1052
1154 4 1150
1170 98 1072
1174 4 1170
1210 187 1023
1214 4 1210
1216 6 1210
1227 17 1210
1252 98 1154
1256 4 1252
1272 98 1174
1276 4 1272
1314 98 1216
1318 4 1314
1323 5 1318
1325 98 1227
1327 4 1323
1349 139 1210
1374 98 1276
1378 4 1374
1414 187 1227
1416 98 1318
1418 4 1414
1425 98 1327
1429 4 1425
1447 98 1349
1451 4 1447
1456 5 1451
1460 4 1456
1465 5 1460
1469 4 1465
1471 6 1465
1527 98 1429
1531 4 1527
1549 98 1451
1558 98 1460
1562 4 1558
1569 98 1471
1573 4 1569
1578 5 1573
1582 4 1578
1604 139 1465
1609 5 1604
1613 4 1609
1618 5 1613
1622 4 1618
1624 6 1618
1660 98 1562
1664 4 1660
1669 5 1664
1671 98 1573
1673 4 1669
1680 98 1582
1684 4 1680
1702 98 1604
1706 4 1702
1722 98 1624
1726 4 1722
1731 5 1726
1735 4 1731
1762 98 1664
1766 4 1762
1782 98 1684
1786 4 1782
1804 98 1706
1824 98 1726
1828 4 1824
1864 98 1766
1868 4 1864
1873 5 1868
1877 4 1873
1879 6 1873
1926 98 1828
1930 4 1926
1935 5 1930
1939 4 1935
1966 98 1868
1970 4 1966
1977 98 1879
1981 4 1977
1986 5 1981
1990 4 1986
1995 5 1990
1999 4 1995
2001 6 1995
2006 5 2001
2010 4 2006
2028 98 1930
2032 4 2028
2063 68 1995
2079 98 1981
2083 4 2079
2099 98 2001
2103 4 2099
2130 98 2032
2161 98 2063
2181 98 2083
2185 4 2181
2190 5 2185
2194 4 2190
2201 98 2103
2205 4 2201
2210 5 2205
2214 4 2210
2283 98 2185
2287 4 2283
2298 425 1873
2301 3 2298
2305 4 2301
2307 6 2301
2318 17 2301
2323 5 2318
2327 4 2323
2338 343 1995
2343 5 2338
2347 4 2343
2385 98 2287
2389 4 2385
2394 5 2389
2396 98 2298
2398 4 2394
2405 98 2307
2409 4 2405
2414 5 2409
2416 98 2318
2418 4 2414
2425 98 2327
2429 4 2425
2436 98 2338
2445 98 2347
2449 4 2445
2485 187 2298
2487 98 2389
2489 4 2485
2496 98 2398
2500 4 2496
2507 98 2409
2511 4 2507
2527 98 2429
2531 4 2527
2536 5 2531
2540 4 2536
2547 98 2449
2551 4 2547
2573 578 1995
2578 5 2573
2582 4 2578
2598 98 2500
2602 4 2598
2609 98 2511
2613 4 2609
2618 5 2613
2622 4 2618
2629 98 2531
2633 4 2629
2644 343 2301
2658 340 2318
2662 4 2658
2664 6 2658
2669 5 2664
2671 98 2573
2673 4 2669
2680 98 2582
2684 4 2680
2689 5 2684
2693 4 2689
2695 6 2689
2709 136 2573
2711 98 2613
2713 4 2709
2720 98 2622
2724 4 2720
2731 98 2633
2735 4 2731
2740 5 2735
2742 98 2644
2744 4 2740
2762 98 2664
2766 4 2762
2777 68 2709
2793 98 2695
2822 98 2724
2826 4 2822
2833 98 2735
2837 4 2833
2864 98 2766
2868 4 2864
2873 5 2868
2875 98 2777
2877 4 2873
2924 98 2826
2928 4 2924
2930 6 2924
2966 98 2868
2970 4 2966
3001 343 2658
3006 5 3001
3010 4 3006
3015 5 3010
3019 4 3015
3021 6 3015
3028 98 2930
3052 343 2709
3057 5 3052
3061 4 3057
3068 98 2970
3072 4 3068
3077 5 3072
3081 4 3077
3099 98 3001
3103 4 3099
3119 98 3021
3123 4 3119
3128 5 3123
3132 4 3128
3150 98 3052
3159 98 3061
3163 4 3159
3168 5 3163
3170 98 3072
3172 4 3168
3179 98 3081
3183 4 3179
3201 98 3103
3221 98 3123
3225 4 3221
3256 547 2709
3281 98 3183
3285 4 3281
3307 139 3168
3312 5 3307
3316 4 3312
3323 98 3225
3327 4 3323
3332 5 3327
3336 4 3332
3354 98 3256
3383 98 3285
3387 4 3383
3405 98 3307
3414 98 3316
3418 4 3414
3425 98 3327
3429 4 3425
3460 1465 1995
3465 5 3460
3469 4 3465
3474 5 3469
3478 4 3474
3480 6 3474
3516 98 3418
3520 4 3516
3527 98 3429
3531 4 3527
3536 5 3531
3540 4 3536
3558 98 3460
3567 98 3469
3571 4 3567
3578 98 3480
3582 4 3578
3587 5 3582
3591 4 3587
3618 98 3520
3622 4 3618
3627 5 3622
3629 98 3531
3631 4 3627
3638 98 3540
3642 4 3638
3664 1669 1995
3680 98 3582
3684 4 3680
3698 34 3664
3702 4 3698
3704 6 3698
3709 5 3704
3713 4 3709
3720 98 3622
3724 4 3720
3740 98 3642
3744 4 3740
3762 98 3664
3782 98 3684
3786 4 3782
3791 5 3786
3795 4 3791
3802 98 3704
3806 4 3802
3817 343 3474
3837 139 3698
3884 98 3786
3888 4 3884
3902 1604 2298
3904 98 3806
3906 4 3902
3915 98 3817
3935 98 3837
3939 4 3935
3944 5 3939
3948 4 3944
3986 98 3888
3990 4 3986
3995 5 3990
3999 4 3995
4021 547 3474
4026 5 4021
4030 4 4026
4035 5 4030
4037 98 3939
4039 4 4035
4046 98 3948
4050 4 4046
4088 98 3990
4092 4 4088
4119 98 4021
4128 98 4030
4132 4 4128
4148 98 4050
4152 4 4148
4190 98 4092
4194 4 4190
4199 5 4194
4203 4 4199
4225 1210 3015
4250 98 4152
4254 4 4250
4292 98 4194
4301 98 4203
4305 4 4301
4323 98 4225
4352 98 4254
4356 4 4352
4403 98 4305
4407 4 4403
4449 547 3902
4505 98 4407
4509 4 4505
4547 98 4449
4551 4 4547
4556 5 4551
4560 4 4556
4607 98 4509
4611 4 4607
4649 98 4551
4658 98 4560
4662 4 4658
4667 5 4662
4671 4 4667
4673 6 4667
4678 5 4673
4682 4 4678
4704 1995 2709
4718 493 4225
4722 4 4718
4724 6 4718
4729 5 4724
4733 4 4729
4760 98 4662
4764 4 4760
4771 98 4673
4775 4 4771
4789 340 4449
4793 4 4789
4795 6 4789
4800 5 4795
4802 98 4704
4804 4 4800
4820 98 4722
4822 98 4724
4824 4 4820
4831 98 4733
4835 4 4831
4862 98 4764
4866 4 4862
4873 98 4775
4877 4 4873
4882 5 4877
4886 4 4882
4893 98 4795
4897 4 4893
4908 1210 3698
4913 5 4908
4917 4 4913
4928 139 4789
4964 98 4866
4968 4 4964
4973 5 4968
4975 98 4877
4977 4 4973
4984 98 4886
4988 4 4984
4995 98 4897
4999 4 4995
5004 5 4999
5006 98 4908
5008 4 5004
5015 98 4917
5019 4 5015
5024 5 5019
5026 98 4928
5028 4 5024
5061 343 4718
5086 98 4988
5090 4 5086
5097 98 4999
5101 4 5097
5117 98 5019
5121 4 5117
5132 343 4789
5137 5 5132
5141 4 5137
5146 5 5141
5150 4 5146
5152 6 5146
5157 5 5152
5159 98 5061
5161 4 5157
5188 98 5090
5192 4 5188
5199 98 5101
5203 4 5199
5208 5 5203
5212 4 5208
5219 98 5121
5223 4 5219
5230 98 5132
5234 4 5230
5250 98 5152
5254 4 5250
5265 547 4718
5270 5 5265
5274 4 5270
5279 5 5274
5283 4 5279
5290 98 5192
5294 4 5290
5301 98 5203
5305 4 5301
5321 98 5223
5325 4 5321
5330 5 5325
5332 98 5234
5334 4 5330
5352 98 5254
5356 4 5352
5361 5 5356
5363 98 5265
5365 4 5361
5372 98 5274
5376 4 5372
5392 98 5294
5396 4 5392
5403 98 5305
5407 4 5403
5412 5 5407
5416 4 5412
5423 98 5325
5427 4 5423
5454 98 5356
5458 4 5454
5474 98 5376
5478 4 5474
5483 5 5478
5487 4 5483
5494 98 5396
5498 4 5494
5505 98 5407
5509 4 5505
5525 98 5427
5529 4 5525
5534 5 5529
5538 4 5534
5540 6 5534
5545 5 5540
5549 4 5545
5556 98 5458
5560 4 5556
5565 5 5560
5569 4 5565
5576 98 5478
5580 4 5576
5596 98 5498
5600 4 5596
5607 98 5509
5611 4 5607
5616 5 5611
5620 4 5616
5627 98 5529
5631 4 5627
5638 98 5540
5642 4 5638
5658 98 5560
5662 4 5658
5678 98 5580
5682 4 5678
5687 5 5682
5691 4 5687
5698 98 5600
5702 4 5698
5709 98 5611
5713 4 5709
5729 98 5631
5733 4 5729
5738 5 5733
5740 98 5642
5742 4 5738
5760 98 5662
5764 4 5760
5769 5 5764
5773 4 5769
5780 98 5682
5784 4 5780
5800 98 5702
5804 4 5800
5809 5 5804
5811 98 5713
5813 4 5809
5831 98 5733
5835 4 5831
5862 98 5764
5866 4 5862
5882 98 5784
5886 4 5882
5891 5 5886
5895 4 5891
5902 98 5804
5906 4 5902
5933 98 5835
5937 4 5933
5942 5 5937
5946 4 5942
5962 2298 3664
5964 98 5866
5966 4 5962
5979 17 5962
5993 98 5895
5997 4 5993
6004 98 5906
6008 4 6004
6035 98 5937
6039 4 6035
6064 98 5966
6068 4 6064
6070 6 6064
6075 5 6070
6077 98 5979
6079 4 6075
6095 98 5997
6099 4 6095
6106 98 6008
6110 4 6106
6137 98 6039
6141 4 6137
6146 5 6141
6150 4 6146
6168 98 6070
6172 4 6168
6197 98 6099
6201 4 6197
6208 98 6110
6212 4 6208
6217 5 6212
6221 4 6217
6223 6 6217
6228 5 6223
6232 4 6228
6239 98 6141
6243 4 6239
6254 1465 4789
6259 5 6254
6263 4 6259
6268 5 6263
6270 98 6172
6272 4 6268
6299 98 6201
6303 4 6299
6310 98 6212
6314 4 6310
6321 98 6223
6325 4 6321
6339 2318 4021
6341 98 6243
6343 4 6339
6352 98 6254
6361 98 6263
6365 4 6361
6401 98 6303
6405 4 6401
6412 98 6314
6416 4 6412
6421 5 6416
6423 98 6325
6425 4 6421
6458 1669 4789
6472 493 5979
6476 4 6472
6503 98 6405
6507 4 6503
6514 98 6416
6518 4 6514
6543 2318 4225
6547 4 6543
6549 6 6543
6554 5 6549
6556 98 6458
6558 4 6554
6574 98 6476
6578 4 6574
6580 6 6574
6585 5 6580
6589 4 6585
6605 98 6507
6609 4 6605
6616 98 6518
6620 4 6616
6625 5 6620
6629 4 6625
6631 6 6625
6636 5 6631
6640 4 6636
6647 98 6549
6651 4 6647
6676 98 6578
6678 98 6580
6680 4 6676
6687 98 6589
6691 4 6687
6696 5 6691
6700 4 6696
6702 6 6696
6718 98 6620
6722 4 6718
6729 98 6631
6733 4 6729
6749 98 6651
6753 4 6749
6758 5 6753
6762 4 6758
6778 98 6680
6782 4 6778
6789 98 6691
6793 4 6789
6800 98 6702
6804 4 6800
6809 5 6804
6813 4 6809
6820 98 6722
6824 4 6820
6829 5 6824
6831 98 6733
6833 4 6829
6849 2298 4551
6851 98 6753
6853 4 6849
6860 98 6762
6864 4 6860
6880 98 6782
6884 4 6880
6891 98 6793
6895 4 6891
6900 5 6895
6902 98 6804
6904 4 6900
6911 98 6813
6915 4 6911
6922 98 6824
6926 4 6922
6962 98 6864
6966 4 6962
6982 98 6884
6986 4 6982
6993 98 6895
6997 4 6993
7013 98 6915
7017 4 7013
7024 98 6926
7028 4 7024
7033 5 7028
7037 4 7033
7064 98 6966
7068 4 7064
7084 98 6986
7088 4 7084
7095 98 6997
7099 4 7095
7104 5 7099
7108 4 7104
7110 6 7104
7126 98 7028
7130 4 7126
7141 1995 5146
7146 5 7141
7150 4 7146
7166 98 7068
7170 4 7166
7186 98 7088
7190 4 7186
7197 98 7099
7201 4 7197
7208 98 7110
7212 4 7208
7217 5 7212
7221 4 7217
7228 98 7130
7232 4 7228
7237 5 7232
7239 98 7141
7241 4 7237
7248 98 7150
7252 4 7248
7257 5 7252
7261 4 7257
7263 6 7257
7288 98 7190
7292 4 7288
7294 6 7288
7310 98 7212
7314 4 7310
7330 98 7232
7334 4 7330
7350 98 7252
7354 4 7350
7361 98 7263
7365 4 7361
7370 5 7365
7374 4 7370
7390 98 7292
7392 98 7294
7394 4 7390
7412 98 7314
7416 4 7412
7421 5 7416
7425 4 7421
7432 98 7334
7436 4 7432
7441 5 7436
7445 4 7441
7452 98 7354
7456 4 7452
7461 5 7456
7463 98 7365
7465 4 7461
7472 98 7374
7476 4 7472
7492 98 7394
7496 4 7492
7514 98 7416
7518 4 7514
7534 98 7436
7538 4 7534
7549 1210 6339
7574 98 7476
7578 4 7574
7594 98 7496
7598 4 7594
7616 98 7518
7620 4 7616
7625 5 7620
7629 4 7625
7636 98 7538
7640 4 7636
7645 5 7640
7647 98 7549
7649 4 7645
7676 98 7578
7680 4 7676
7696 98 7598
7700 4 7696
7702 6 7696
7707 5 7702
7711 4 7707
7716 5 7711
7718 98 7620
7720 4 7716
7727 98 7629
7731 4 7727
7738 98 7640
7742 4 7738
7778 98 7680
7782 4 7778
7798 98 7700
7800 98 7702
7802 4 7798
7809 98 7711
7813 4 7809
7829 98 7731
7833 4 7829
7840 98 7742
7844 4 7840
7849 5 7844
7853 4 7849
7880 98 7782
7884 4 7880
7900 98 7802
7904 4 7900
7911 98 7813
7915 4 7911
7920 5 7915
7924 4 7920
7926 6 7920
7940 2298 5642
7942 98 7844
7944 4 7940
7951 98 7853
7955 4 7951
7982 98 7884
7986 4 7982
8002 98 7904
8006 4 8002
8013 98 7915
8017 4 8013
8024 98 7926
8028 4 8024
8033 5 8028
8037 4 8033
8053 98 7955
8057 4 8053
8079 139 7940
8104 98 8006
8108 4 8104
8115 98 8017
8119 4 8115
8124 5 8119
8126 98 8028
8128 4 8124
