1
2
3 1 2
4 1 3
6 2 4
8 2 6
11 3 8
13 2 11
16 3 13
18 2 16
26 8 18
28 2 26
36 8 28
38 2 36
47 11 36
48 1 47
53 6 47
57 4 53
62 26 36
69 16 53
72 3 69
77 8 69
82 13 69
87 18 69
97 28 69
99 2 97
102 3 99
106 4 102
114 8 106
126 57 69
131 62 69
138 36 102
145 48 97
148 3 145
155 53 102
175 69 106
177 2 175
180 3 177
182 2 180
189 87 102
197 8 189
206 26 180
209 3 206
219 13 206
221 2 219
236 47 189
238 2 236
241 3 238
243 2 241
253 47 206
258 69 189
260 2 258
273 13 260
282 102 180
309 36 273
316 97 219
319 3 316
324 8 316
339 57 282
341 2 339
356 47 309
358 2 356
363 47 316
370 97 273
382 26 356
390 8 382
400 18 382
402 2 400
409 53 356
412 3 409
414 2 412
429 47 382
431 2 429
434 3 431
441 102 339
451 69 382
456 47 409
483 69 414
485 2 483
497 97 400
502 102 400
522 206 316
524 2 522
544 47 497
546 2 544
566 69 497
568 2 566
585 102 483
602 36 566
605 3 602
607 2 605
612 273 339
624 102 522
627 3 624
646 102 544
668 102 566
673 273 400
685 273 412
688 3 685
690 2 688
695 339 356
720 47 673
722 2 720
732 47 685
734 2 732
739 339 400
751 339 412
781 47 734
783 2 781
798 47 751
800 2 798
820 69 751
847 47 800
849 2 847
861 339 522
864 3 861
866 2 864
891 206 685
893 2 891
905 339 566
927 36 891
949 102 847
983 356 627
986 3 983
991 8 983
1018 69 949
1020 2 1018
1023 3 1020
1025 2 1023
1030 47 983
1032 2 1030
1035 3 1032
1037 2 1035
1052 69 983
1079 47 1032
1081 2 1079
1101 69 1032
1103 2 1101
1125 102 1023
1155 206 949
1157 2 1155
1164 273 891
1167 3 1164
1169 2 1167
1186 339 847
1191 36 1155
1208 53 1155
1230 339 891
1252 97 1155
1257 102 1155
1296 273 1023
1308 273 1035
1311 3 1308
1313 2 1311
1335 180 1155
1338 3 1335
1340 2 1338
1355 47 1308
1360 47 1313
1377 69 1308
1387 47 1340
1389 2 1387
1404 69 1335
1406 2 1404
1428 273 1155
1431 3 1428
1433 2 1431
1462 102 1360
1465 3 1462
1470 8 1462
1472 2 1470
1489 102 1387
1492 3 1489
1509 47 1462
1514 206 1308
1516 2 1514
1531 69 1462
1536 47 1489
1538 2 1536
1550 36 1514
1553 3 1550
1594 102 1492
1602 8 1594
1604 2 1602
1616 102 1514
1641 47 1594
1643 2 1641
1646 3 1643
1648 2 1646
1660 273 1387
1682 36 1646
1707 47 1660
1709 2 1707
1721 566 1155
1724 3 1721
1748 102 1646
1765 273 1492
1770 339 1431
1790 69 1721
1792 2 1790
1812 47 1765
1814 2 1812
1834 69 1765
1836 2 1834
1853 339 1514
1856 3 1853
1858 2 1856
1900 47 1853
1902 2 1900
1919 273 1646
1941 339 1602
1944 3 1941
1946 2 1944
1966 47 1919
1968 2 1966
1985 339 1646
2010 69 1941
2012 2 2010
2032 47 1985
2034 2 2032
2054 69 1985
2056 2 2054
2090 36 2054
2093 3 2090
2095 2 2093
2112 102 2010
2115 3 2112
2117 2 2115
2134 102 2032
2156 102 2054
2178 1023 1155
2247 69 2178
2249 2 2247
2252 3 2249
2254 2 2252
2288 36 2252
2327 273 2054
2330 3 2327
2332 2 2330
2354 102 2252
2371 339 2032
2393 339 2054
2418 47 2371
2420 2 2418
2445 983 1462
2447 2 2445
2462 69 2393
2464 2 2462
2481 36 2445
2484 3 2481
2486 2 2484
2511 47 2464
2513 2 2511
2525 273 2252
2550 69 2481
2552 2 2550
2572 47 2525
2574 2 2572
2581 97 2484
2584 3 2581
2589 8 2581
2613 102 2511
2616 3 2613
2618 2 2616
2628 47 2581
2630 2 2628
2633 3 2630
2635 2 2633
2650 69 2581
2660 47 2613
2662 2 2660
2674 102 2572
2696 36 2660
2721 47 2674
2723 2 2721
2748 983 1765
2750 2 2748
2762 102 2660
2787 206 2581
2789 2 2787
2809 47 2762
2811 2 2809
2814 3 2811
2816 2 2814
2831 69 2762
2833 2 2831
2897 316 2581
2899 2 2897
2916 102 2814
2919 3 2916
2921 2 2919
2985 69 2916
2987 2 2985
3029 1308 1721
3031 2 3029
3038 53 2985
3041 3 3038
3043 2 3041
3065 36 3029
3068 3 3065
3070 2 3068
3085 47 3038
3090 47 3043
3092 2 3090
3107 69 3038
3109 2 3107
3131 102 3029
3153 339 2814
3205 624 2581
3207 2 3205
3214 400 2814
3217 3 3214
3219 2 3217
3236 339 2897
3239 3 3236
3261 47 3214
3263 2 3261
3288 69 3219
3290 2 3288
3305 69 3236
3368 339 3029
3371 3 3368
3373 2 3371
3390 102 3288
3393 3 3390
3395 2 3393
3415 47 3368
3417 2 3415
3451 36 3415
3454 3 3451
3456 2 3454
3473 102 3371
3476 3 3473
3481 8 3473
3483 2 3481
3495 102 3393
3525 69 3456
3527 2 3525
3544 339 3205
3547 3 3544
3549 2 3547
3591 47 3544
3593 2 3591
3605 400 3205
3608 3 3605
3610 2 3608
3622 97 3525
3625 3 3622
3630 8 3622
3632 2 3630
3649 102 3547
3669 47 3622
3671 2 3669
3691 69 3622
3696 47 3649
3698 2 3696
3723 685 3038
3725 2 3723
3740 69 3671
3742 2 3740
3759 36 3723
3762 3 3759
3764 2 3762
3806 47 3759
3808 2 3806
3825 102 3723
3872 47 3825
3874 2 3872
3886 339 3547
3916 1335 2581
3918 2 3916
3930 339 3591
3952 36 3916
3960 8 3952
3962 2 3960
3974 102 3872
3991 400 3591
3994 3 3991
4018 102 3916
4038 47 3991
4040 2 4038
4057 97 3960
4101 339 3762
4118 356 3762
4121 3 4118
4148 47 4101
4150 2 4148
4153 3 4150
4155 2 4153
4165 47 4118
4167 2 4165
4187 69 4118
4211 339 3872
4233 273 3960
4258 47 4211
4260 2 4258
4294 36 4258
4297 3 4294
4324 206 4118
4326 2 4324
4341 47 4294
4343 2 4341
4363 69 4294
4365 2 4363
4368 3 4365
4370 2 4368
4390 47 4343
4392 2 4390
4404 36 4368
4407 3 4404
4409 2 4407
4451 47 4404
4453 2 4451
4470 102 4368
4517 47 4470
4519 2 4517
4531 273 4258
4534 3 4531
4536 2 4534
4578 47 4531
4580 2 4578
4600 69 4531
4602 2 4600
4619 102 4517
4622 3 4619
4624 2 4622
4641 273 4368
4644 3 4641
4646 2 4644
4666 47 4619
4668 2 4666
4707 339 4368
4729 339 4390
4732 3 4729
4734 2 4732
4754 47 4707
4756 2 4754
4798 69 4729
4800 2 4798
4878 1155 3723
4881 3 4878
4883 2 4881
4900 102 4798
4903 3 4900
4905 2 4903
4925 47 4878
4927 2 4925
4969 69 4900
4971 2 4969
4996 69 4927
4998 2 4996
5018 47 4971
5020 2 5018
5032 36 4996
5035 3 5032
5037 2 5035
5049 53 4996
5052 3 5049
5057 8 5049
5059 2 5057
5079 47 5032
5081 2 5079
5096 47 5049
5118 69 5049
5159 102 5057
5162 3 5159
5164 2 5162
5181 102 5079
5184 3 5181
5186 2 5184
5206 47 5159
5208 2 5206
5250 69 5181
5252 2 5250
5269 273 4996
5272 3 5269
5274 2 5272
5291 273 5018
5294 3 5291
5296 2 5294
5316 47 5269
5318 2 5316
5335 339 4996
5357 339 5018
5382 47 5335
5384 2 5382
5484 102 5382
5487 3 5484
5489 2 5487
5514 983 4531
5516 2 5514
5531 47 5484
5533 2 5531
5550 36 5514
5597 47 5550
5599 2 5597
5616 102 5514
5663 47 5616
5665 2 5663
5685 69 5616
5687 2 5685
5765 102 5663
5768 3 5765
5770 2 5768
5795 2581 3214
5797 2 5795
5812 47 5765
5814 2 5812
5826 339 5487
5829 3 5826
5853 339 5514
5856 3 5853
5858 2 5856
5873 47 5826
5875 2 5873
5878 3 5875
5880 2 5878
5895 69 5826
5900 47 5853
5902 2 5900
5944 69 5875
5946 2 5944
6024 339 5685
6027 3 6024
6029 2 6027
6046 102 5944
6049 3 6046
6051 2 6049
6068 273 5795
6107 339 5768
6110 3 6107
6112 2 6110
6134 339 5795
6154 47 6107
6156 2 6154
6176 69 6107
6178 2 6176
6239 339 5900
6242 3 6239
6244 2 6242
6283 339 5944
6308 69 6239
6310 2 6308
6322 273 6049
6325 3 6322
6327 2 6325
6352 69 6283
6354 2 6352
6366 339 6027
6391 69 6322
6393 2 6391
6410 102 6308
6418 8 6410
6420 2 6418
6435 69 6366
6437 2 6435
6457 47 6410
6459 2 6457
6479 69 6410
6481 2 6479
6520 102 6418
6523 3 6520
6525 2 6523
6550 69 6481
6552 2 6550
6567 47 6520
6569 2 6567
6586 36 6550
6633 47 6586
6635 2 6633
6652 102 6550
6721 69 6652
6723 2 6721
6735 102 6633
6738 3 6735
6740 2 6738
6782 47 6735
6784 2 6782
6804 69 6735
6806 2 6804
6831 47 6784
6833 2 6831
6862 339 6523
6865 3 6862
6870 8 6862
6872 2 6870
6889 339 6550
6892 3 6889
6894 2 6892
6909 47 6862
6911 2 6909
6914 3 6911
6916 2 6914
6931 69 6862
6936 47 6889
6938 2 6936
6980 69 6911
6982 2 6980
7038 102 6936
7041 3 7038
7043 2 7041
7060 339 6721
7063 3 7060
7065 2 7063
7082 102 6980
7104 273 6831
7156 3038 4118
7158 2 7156
7170 339 6831
7192 36 7156
7195 3 7192
7197 2 7195
7217 47 7170
7219 2 7217
7258 102 7156
7275 339 6936
7278 3 7275
7280 2 7278
7297 102 7195
7300 3 7297
7302 2 7300
7322 47 7275
7324 2 7322
7366 69 7297
7368 2 7366
7424 102 7322
7427 3 7424
7432 8 7424
7434 2 7432
7459 2581 4878
7461 2 7459
7471 47 7424
7473 2 7471
7476 3 7473
7478 2 7476
7490 273 7217
7498 8 7490
7500 2 7498
7520 47 7473
7522 2 7520
7537 47 7490
7539 2 7537
7559 69 7490
7578 102 7476
7581 3 7578
7583 2 7581
7600 102 7498
7603 3 7600
7605 2 7603
7622 102 7520
7691 69 7622
7693 2 7691
7727 36 7691
7730 3 7727
7735 8 7727
7737 2 7735
7749 273 7476
7752 3 7749
7754 2 7752
7774 47 7727
7776 2 7774
7779 3 7776
7781 2 7779
7798 339 7459
7818 69 7749
7820 2 7818
7881 102 7779
7884 3 7881
7886 2 7884
7928 47 7881
7930 2 7928
7950 69 7881
7952 2 7950
7977 47 7930
7979 2 7977
8008 273 7735
8011 3 8008
8016 8 8008
8018 2 8016
8055 47 8008
8057 2 8055
8060 3 8057
8062 2 8060
8077 69 8008
8096 36 8060
8099 3 8096
8101 2 8099
8126 69 8057
8128 2 8126
8143 47 8096
8145 2 8143
8165 69 8096
8167 2 8165
8192 47 8145
8194 2 8192
8236 69 8167
8238 2 8236
8250 273 7977
8253 3 8250
8255 2 8253
8272 36 8236
8275 3 8272
8277 2 8275
8294 102 8192
8316 339 7977
8338 102 8236
8368 1308 7060
8370 2 8368
8404 36 8368
8421 53 8368
8424 3 8421
8426 2 8424
8451 47 8404
8453 2 8451
8468 47 8421
8487 36 8451
8509 273 8236
8512 3 8509
8514 2 8512
8531 339 8192
8539 8 8531
8541 2 8539
8553 102 8451
8570 102 8468
8573 3 8570
8617 47 8570
8619 2 8617
8639 69 8570
8666 47 8619
8668 2 8666
8702 36 8666
8705 3 8702
8749 47 8702
8751 2 8749
8754 3 8751
8756 2 8754
8771 69 8702
8773 2 8771
8812 273 8539
8815 3 8812
8817 2 8815
8842 69 8773
8844 2 8842
8856 102 8754
8873 102 8771
8876 3 8873
8917 102 8815
8942 69 8873
8947 2581 6366
8949 2 8947
8964 47 8917
8966 2 8964
8969 3 8966
8971 2 8969
8983 36 8947
9013 47 8966
9015 2 9013
9027 273 8754
9052 69 8983
9054 2 9052
9071 102 8969
9093 339 8754
9118 47 9071
9120 2 9118
9132 1155 7977
9135 3 9132
9137 2 9135
9162 69 9093
9164 2 9162
9179 47 9132
9184 47 9137
9186 2 9184
9193 180 9013
9196 3 9193
9240 47 9193
9250 57 9193
9252 2 9250
9262 69 9193
9308 339 8969
9311 3 9308
9313 2 9311
9355 47 9308
9357 2 9355
9377 69 9308
9379 2 9377
9399 206 9193
9401 2 9399
9443 2581 6862
9445 2 9443
9509 316 9193
9511 2 9509
9553 983 8570
9555 2 9553
9575 382 9193
9577 2 9575
9619 2581 7038
9621 2 9619
9641 2581 7060
9643 2 9641
9663 2581 7082
9665 2 9663
9699 36 9663
9702 3 9699
9704 2 9702
9721 102 9619
9724 3 9721
9726 2 9724
9743 102 9641
9765 102 9663
9804 102 9702
9807 3 9804
9809 2 9807
9834 69 9765
9836 2 9834
9851 47 9804
9853 2 9851
9870 36 9834
9917 47 9870
9919 2 9917
9939 69 9870
9941 2 9939
9958 339 9619
9961 3 9958
9963 2 9961
9980 339 9641
9983 3 9980
9985 2 9983
10002 339 9663
10085 102 9983
10088 3 10085
10090 2 10088
10107 273 9834
10110 3 10107
10112 2 10110
10132 47 10085
10134 2 10132
10173 339 9834
10220 47 10173
10222 2 10220
10242 69 10173
10244 2 10242
10247 3 10244
10249 2 10247
10269 47 10222
10271 2 10269
10283 36 10247
10286 3 10283
10288 2 10286
10305 36 10269
10349 102 10247
10366 97 10269
10369 3 10366
10388 102 10286
10391 3 10388
10393 2 10391
10413 47 10366
10415 2 10413
10457 69 10388
10459 2 10457
10501 1308 9193
10503 2 10501
10520 273 10247
10523 3 10520
10525 2 10523
10537 36 10501
10540 3 10537
10545 8 10537
10547 2 10545
10567 47 10520
10569 2 10567
10584 47 10537
10606 69 10537
10655 1462 9193
10657 2 10655
10677 2581 8096
10679 2 10677
10691 36 10655
10694 3 10691
10696 2 10694
10713 36 10677
10716 3 10713
10718 2 10716
10738 47 10691
10740 2 10738
10757 102 10655
10779 102 10677
10804 47 10757
10806 2 10804
10831 2581 8250
10833 2 10831
10848 69 10779
10850 2 10848
10862 339 10523
10865 3 10862
10870 8 10862
10872 2 10870
10909 47 10862
10911 2 10909
10931 69 10862
10972 102 10870
10975 3 10972
10977 2 10975
10994 339 10655
10997 3 10994
10999 2 10997
11016 339 10677
11085 69 11016
11087 2 11085
11099 102 10997
11102 3 11099
11107 8 11099
11109 2 11107
11146 47 11099
11148 2 11146
11168 69 11099
11195 47 11148
11197 2 11195
11217 69 11148
11219 2 11217
11226 356 10870
11229 3 11226
11234 8 11226
11236 2 11234
11253 36 11217
11256 3 11253
11258 2 11256
11273 47 11226
11275 2 11273
11278 3 11275
11280 2 11278
11295 69 11226
11300 47 11253
11302 2 11300
11319 102 11217
11344 69 11275
11346 2 11344
11366 47 11319
11368 2 11366
11388 69 11319
11390 2 11388
11432 206 11226
11434 2 11432
11454 2581 8873
11456 2 11454
11498 2581 8917
11500 2 11498
11586 2393 9193
11588 2 11586
11600 102 11498
11603 3 11600
11605 2 11603
11622 36 11586
11625 3 11622
11627 2 11625
11647 47 11600
11649 2 11647
11688 102 11586
11713 2581 9132
11715 2 11713
11735 47 11688
11737 2 11735
11757 69 11688
11759 2 11757
11774 2581 9193
11776 2 11774
11779 3 11776
11781 2 11779
11881 102 11779
11884 3 11881
11886 2 11884
11925 339 11586
11950 69 11881
11952 2 11950
11964 339 11625
11967 3 11964
11969 2 11967
11994 69 11925
11996 2 11994
12008 273 11735
12033 69 11964
12035 2 12033
12055 47 12008
12057 2 12055
12060 3 12057
12062 2 12060
12074 339 11735
12118 339 11779
12143 69 12074
12145 2 12143
12162 102 12060
12187 69 12118
12189 2 12187
12245 102 12143
12248 3 12245
12250 2 12248
12267 273 11994
12270 3 12267
12272 2 12270
12292 47 12245
12294 2 12292
