1
5
6 1 5
7 1 6
8 1 7
9 1 8
10 1 9
12 5 7
20 8 12
22 10 12
23 1 22
24 1 23
26 6 20
38 12 26
39 1 38
40 1 39
41 1 40
52 12 40
57 5 52
69 12 57
70 1 69
71 1 70
82 12 70
87 5 82
98 41 57
102 20 82
113 26 87
119 6 113
129 10 119
130 1 129
133 20 113
144 57 87
160 41 119
161 1 160
162 1 161
163 1 162
175 12 163
196 52 144
205 9 196
208 12 196
209 1 208
222 26 196
223 1 222
224 1 223
226 82 144
237 41 196
253 57 196
254 1 253
255 1 254
256 1 255
268 12 256
269 1 268
270 1 269
271 1 270
272 1 271
284 12 272
285 1 284
286 1 285
303 98 205
318 113 205
330 12 318
331 1 330
332 1 331
333 1 332
349 144 205
360 57 303
391 119 272
392 1 391
393 1 392
394 1 393
395 1 394
407 12 395
408 1 407
409 1 408
410 1 409
437 119 318
438 1 437
439 1 438
440 1 439
441 1 440
453 12 441
454 1 453
455 1 454
456 1 455
499 196 303
500 1 499
501 1 500
502 1 501
503 1 502
515 12 503
516 1 515
517 1 516
518 1 517
530 12 518
531 1 530
532 1 531
533 1 532
534 1 533
546 12 534
547 1 546
548 1 547
549 1 548
561 12 549
562 1 561
563 1 562
564 1 563
576 12 564
577 1 576
578 1 577
579 1 578
580 1 579
592 12 580
593 1 592
594 1 593
595 1 594
607 12 595
608 1 607
609 1 608
610 1 609
611 1 610
623 12 611
624 1 623
625 1 624
626 1 625
638 12 626
639 1 638
640 1 639
641 1 640
704 205 499
716 12 704
717 1 716
718 1 717
719 1 718
731 12 719
732 1 731
733 1 732
734 1 733
746 12 734
747 1 746
748 1 747
749 1 748
750 1 749
762 12 750
763 1 762
764 1 763
765 1 764
777 12 765
778 1 777
779 1 778
780 1 779
792 12 780
793 1 792
794 1 793
795 1 794
796 1 795
808 12 796
809 1 808
810 1 809
811 1 810
838 119 719
839 1 838
840 1 839
841 1 840
842 1 841
854 12 842
855 1 854
856 1 855
857 1 856
884 119 765
885 1 884
886 1 885
887 1 886
888 1 887
904 20 884
916 12 904
917 1 916
918 1 917
919 1 918
931 12 919
932 1 931
933 1 932
934 1 933
935 1 934
947 12 935
948 1 947
949 1 948
950 1 949
962 12 950
963 1 962
964 1 963
965 1 964
977 12 965
978 1 977
979 1 978
980 1 979
981 1 980
993 12 981
994 1 993
995 1 994
996 1 995
1008 12 996
1009 1 1008
1010 1 1009
1011 1 1010
1012 1 1011
1024 12 1012
1025 1 1024
1026 1 1025
1027 1 1026
1039 12 1027
1040 1 1039
1041 1 1040
1042 1 1041
1089 205 884
1101 12 1089
1102 1 1101
1103 1 1102
1104 1 1103
1105 1 1104
1116 12 1104
1162 57 1105
1163 1 1162
1164 1 1163
1165 1 1164
1166 1 1165
1178 12 1166
1179 1 1178
1180 1 1179
1181 1 1180
1193 12 1181
1194 1 1193
1195 1 1194
1196 1 1195
1197 1 1196
1209 12 1197
1210 1 1209
1211 1 1210
1212 1 1211
1254 57 1197
1255 1 1254
1256 1 1255
1257 1 1256
1258 1 1257
1270 12 1258
1271 1 1270
1272 1 1271
1273 1 1272
1290 20 1270
1301 196 1105
1336 82 1254
1346 10 1336
1348 12 1336
1349 1 1348
1350 1 1349
1366 20 1346
1378 12 1366
1379 1 1378
1380 1 1379
1381 1 1380
1382 1 1381
1394 12 1382
1395 1 1394
1396 1 1395
1397 1 1396
1428 82 1346
1439 57 1382
1455 119 1336
1456 1 1455
1457 1 1456
1458 1 1457
1470 12 1458
1471 1 1470
1472 1 1471
1473 1 1472
1474 1 1473
1501 119 1382
1502 1 1501
1503 1 1502
1504 1 1503
1505 1 1504
1517 12 1505
1518 1 1517
1519 1 1518
1520 1 1519
1547 119 1428
1548 1 1547
1549 1 1548
1550 1 1549
1567 20 1547
1578 196 1382
1598 20 1578
1610 12 1598
1611 1 1610
1612 1 1611
1613 1 1612
1625 12 1613
1626 1 1625
1627 1 1626
1628 1 1627
1640 12 1628
1641 1 1640
1642 1 1641
1643 1 1642
1675 205 1470
1686 119 1567
1717 119 1598
1718 1 1717
1719 1 1718
1720 1 1719
1721 1 1720
1733 12 1721
1734 1 1733
1735 1 1734
1736 1 1735
1748 12 1736
1749 1 1748
1750 1 1749
1751 1 1750
1778 57 1721
1779 1 1778
1780 1 1779
1781 1 1780
1782 1 1781
1798 20 1778
1810 12 1798
1811 1 1810
1812 1 1811
1813 1 1812
1814 1 1813
1825 12 1813
1860 82 1778
1872 12 1860
1873 1 1872
1874 1 1873
1875 1 1874
1887 12 1875
1888 1 1887
1889 1 1888
1890 1 1889
1902 12 1890
1903 1 1902
1904 1 1903
1905 1 1904
1906 1 1905
1918 12 1906
1919 1 1918
1920 1 1919
1921 1 1920
1963 57 1906
1964 1 1963
1965 1 1964
1966 1 1965
1967 1 1966
2010 196 1814
2011 1 2010
2012 1 2011
2013 1 2012
2014 1 2013
2026 12 2014
2027 1 2026
2028 1 2027
2029 1 2028
2041 12 2029
2042 1 2041
2043 1 2042
2044 1 2043
2076 113 1963
2088 12 2076
2089 1 2088
2090 1 2089
2091 1 2090
2103 12 2091
2104 1 2103
2105 1 2104
2106 1 2105
2118 12 2106
2119 1 2118
2120 1 2119
2121 1 2120
2122 1 2121
2134 12 2122
2135 1 2134
2136 1 2135
2137 1 2136
2149 12 2137
2150 1 2149
2151 1 2150
2152 1 2151
2153 1 2152
2164 12 2152
2168 205 1963
2180 12 2168
2181 1 2180
2182 1 2181
2183 1 2182
2230 884 1346
2241 119 2122
2261 20 2241
2273 12 2261
2274 1 2273
2275 1 2274
2276 1 2275
2288 12 2276
2289 1 2288
2290 1 2289
2291 1 2290
2292 1 2291
2303 12 2291
2364 196 2168
2365 1 2364
2366 1 2365
2367 1 2366
2368 1 2367
2384 20 2364
2396 12 2384
2397 1 2396
2398 1 2397
2399 1 2398
2426 196 2230
2427 1 2426
2428 1 2427
2429 1 2428
2430 1 2429
2442 12 2430
2443 1 2442
2444 1 2443
2445 1 2444
2472 196 2276
2473 1 2472
2474 1 2473
2475 1 2474
2476 1 2475
2492 20 2472
2503 119 2384
2523 20 2503
2535 12 2523
2536 1 2535
2537 1 2536
2538 1 2537
2550 12 2538
2551 1 2550
2552 1 2551
2553 1 2552
2565 12 2553
2566 1 2565
2567 1 2566
2568 1 2567
2600 1254 1346
2611 119 2492
2642 119 2523
2643 1 2642
2644 1 2643
2645 1 2644
2646 1 2645
2658 12 2646
2659 1 2658
2660 1 2659
2661 1 2660
2673 12 2661
2674 1 2673
2675 1 2674
2676 1 2675
2708 205 2503
2720 12 2708
2721 1 2720
2722 1 2721
2723 1 2722
2735 12 2723
2736 1 2735
2737 1 2736
2738 1 2737
2739 1 2738
2750 12 2738
2785 1346 1439
2797 12 2785
2798 1 2797
2799 1 2798
2800 1 2799
2812 12 2800
2813 1 2812
2814 1 2813
2815 1 2814
2858 119 2739
2859 1 2858
2860 1 2859
2861 1 2860
2862 1 2861
2873 12 2861
2924 1346 1578
2935 196 2739
2950 26 2924
2951 1 2950
2952 1 2951
2953 1 2952
2954 1 2953
2966 12 2954
2967 1 2966
2968 1 2967
2969 1 2968
3043 119 2924
3044 1 3043
3045 1 3044
3046 1 3045
3047 1 3046
3059 12 3047
3060 1 3059
3061 1 3060
3062 1 3061
3074 12 3062
3075 1 3074
3076 1 3075
3077 1 3076
3089 12 3077
3090 1 3089
3091 1 3090
3092 1 3091
3093 1 3092
3105 12 3093
3106 1 3105
3107 1 3106
3108 1 3107
3124 1346 1778
3136 12 3124
3137 1 3136
3138 1 3137
3139 1 3138
3151 12 3139
3152 1 3151
3153 1 3152
3154 1 3153
3212 119 3093
3213 1 3212
3214 1 3213
3215 1 3214
3216 1 3215
3228 12 3216
3229 1 3228
3230 1 3229
3231 1 3230
3289 196 3093
3290 1 3289
3291 1 3290
3292 1 3291
3293 1 3292
3305 12 3293
3306 1 3305
3307 1 3306
3308 1 3307
3371 82 3289
3383 12 3371
3384 1 3383
3385 1 3384
3386 1 3385
3398 12 3386
3399 1 3398
3400 1 3399
3401 1 3400
3413 12 3401
3414 1 3413
3415 1 3414
3416 1 3415
3490 119 3371
3491 1 3490
3492 1 3491
3493 1 3492
3541 1578 1963
3553 12 3541
3554 1 3553
3555 1 3554
3556 1 3555
3568 12 3556
3569 1 3568
3570 1 3569
3571 1 3570
3583 12 3571
3584 1 3583
3585 1 3584
3586 1 3585
3613 57 3556
3614 1 3613
3615 1 3614
3616 1 3615
3617 1 3616
3629 12 3617
3630 1 3629
3631 1 3630
3632 1 3631
3644 12 3632
3645 1 3644
3646 1 3645
3647 1 3646
3648 1 3647
3659 12 3647
3675 119 3556
3676 1 3675
3677 1 3676
3678 1 3677
3710 1346 2364
3722 12 3710
3723 1 3722
3724 1 3723
3725 1 3724
3752 196 3556
3753 1 3752
3754 1 3753
3755 1 3754
3756 1 3755
3768 12 3756
3769 1 3768
3770 1 3769
3771 1 3770
3783 12 3771
3784 1 3783
3785 1 3784
3786 1 3785
3787 1 3786
3798 12 3786
3829 119 3710
3830 1 3829
3831 1 3830
3832 1 3831
3833 1 3832
3845 12 3833
3846 1 3845
3847 1 3846
3848 1 3847
3860 12 3848
3861 1 3860
3862 1 3861
3863 1 3862
3921 196 3725
3922 1 3921
3923 1 3922
3924 1 3923
3925 1 3924
3937 12 3925
3938 1 3937
3939 1 3938
3940 1 3939
3983 196 3787
3984 1 3983
3985 1 3984
3986 1 3985
3987 1 3986
3999 12 3987
4000 1 3999
4001 1 4000
4002 1 4001
4014 12 4002
4015 1 4014
4016 1 4015
4017 1 4016
4018 1 4017
4030 12 4018
4031 1 4030
4032 1 4031
4033 1 4032
4045 12 4033
4046 1 4045
4047 1 4046
4048 1 4047
4049 1 4048
4060 12 4048
4080 20 4060
4092 12 4080
4093 1 4092
4094 1 4093
4095 1 4094
4107 12 4095
4108 1 4107
4109 1 4108
4110 1 4109
4111 1 4110
4122 12 4110
4126 205 3921
4138 12 4126
4139 1 4138
4140 1 4139
4141 1 4140
4153 12 4141
4154 1 4153
4155 1 4154
4156 1 4155
4157 1 4156
4169 12 4157
4170 1 4169
4171 1 4170
4172 1 4171
4184 12 4172
4185 1 4184
4186 1 4185
4187 1 4186
4230 119 4111
4231 1 4230
4232 1 4231
4233 1 4232
4234 1 4233
4246 12 4234
4247 1 4246
4248 1 4247
4249 1 4248
4261 12 4249
4262 1 4261
4263 1 4262
4264 1 4263
4296 1346 2950
4307 196 4111
4415 119 4296
4416 1 4415
4417 1 4416
4418 1 4417
4419 1 4418
4431 12 4419
4432 1 4431
4433 1 4432
4434 1 4433
4446 12 4434
4447 1 4446
4448 1 4447
4449 1 4448
4450 1 4449
4461 12 4449
4481 20 4461
4492 196 4296
4558 1346 3212
4569 119 4450
4584 26 4558
4585 1 4584
4586 1 4585
4587 1 4586
4588 1 4587
4604 20 4584
4616 12 4604
4617 1 4616
4618 1 4617
4619 1 4618
4631 12 4619
4632 1 4631
4633 1 4632
4634 1 4633
4723 119 4604
4724 1 4723
4725 1 4724
4726 1 4725
4727 1 4726
4739 12 4727
4740 1 4739
4741 1 4740
4742 1 4741
4774 205 4569
4786 12 4774
4787 1 4786
4788 1 4787
4877 1336 3541
4878 1 4877
4879 1 4878
4880 1 4879
4881 1 4880
4897 20 4877
4909 12 4897
4910 1 4909
4911 1 4910
4912 1 4911
4924 12 4912
4925 1 4924
4926 1 4925
4927 1 4926
4939 12 4927
4940 1 4939
4941 1 4940
4942 1 4941
4943 1 4942
4955 12 4943
4956 1 4955
4957 1 4956
4958 1 4957
5005 1346 3659
5016 119 4897
5036 20 5016
5048 12 5036
5049 1 5048
5050 1 5049
5051 1 5050
5063 12 5051
5064 1 5063
5065 1 5064
5066 1 5065
5078 12 5066
5079 1 5078
5080 1 5079
5081 1 5080
5124 119 5005
5125 1 5124
5126 1 5125
5127 1 5126
5128 1 5127
5140 12 5128
5141 1 5140
5142 1 5141
5143 1 5142
5170 119 5051
5171 1 5170
5172 1 5171
5173 1 5172
5174 1 5173
5186 12 5174
5187 1 5186
5188 1 5187
5189 1 5188
5221 205 5016
5232 196 5036
5267 1346 3921
5278 57 5221
5298 20 5278
5310 12 5298
5311 1 5310
5312 1 5311
5313 1 5312
5325 12 5313
5326 1 5325
5327 1 5326
5328 1 5327
5375 205 5170
5386 119 5267
5463 196 5267
5464 1 5463
5465 1 5464
5466 1 5465
5467 1 5466
5479 12 5467
5480 1 5479
5481 1 5480
5482 1 5481
5509 196 5313
5510 1 5509
5511 1 5510
5512 1 5511
5513 1 5512
5525 12 5513
5526 1 5525
5527 1 5526
5528 1 5527
5540 12 5528
5541 1 5540
5542 1 5541
5543 1 5542
5544 1 5543
5556 12 5544
5557 1 5556
5558 1 5557
5559 1 5558
5617 2076 3541
5618 1 5617
5619 1 5618
5620 1 5619
5621 1 5620
5633 12 5621
5634 1 5633
5635 1 5634
5636 1 5635
5648 12 5636
5649 1 5648
5650 1 5649
5651 1 5650
5652 1 5651
5664 12 5652
5665 1 5664
5666 1 5665
5667 1 5666
5679 12 5667
5680 1 5679
5681 1 5680
5682 1 5681
5683 1 5682
5695 12 5683
5696 1 5695
5697 1 5696
5698 1 5697
5710 12 5698
5711 1 5710
5712 1 5711
5713 1 5712
5725 12 5713
5726 1 5725
5727 1 5726
5728 1 5727
5729 1 5728
5741 12 5729
5742 1 5741
5743 1 5742
5744 1 5743
5756 12 5744
5757 1 5756
5758 1 5757
5759 1 5758
5760 1 5759
5772 12 5760
5773 1 5772
5774 1 5773
5775 1 5774
5787 12 5775
5788 1 5787
5789 1 5788
5790 1 5789
5791 1 5790
5803 12 5791
5804 1 5803
5805 1 5804
5806 1 5805
5818 12 5806
5819 1 5818
5820 1 5819
5821 1 5820
5853 205 5648
5865 12 5853
5866 1 5865
5867 1 5866
5868 1 5867
5880 12 5868
5881 1 5880
5882 1 5881
5883 1 5882
5895 12 5883
5896 1 5895
5897 1 5896
5898 1 5897
5899 1 5898
5911 12 5899
5912 1 5911
5913 1 5912
5914 1 5913
5926 12 5914
5927 1 5926
5928 1 5927
5929 1 5928
5941 12 5929
5942 1 5941
5943 1 5942
5944 1 5943
5945 1 5944
5957 12 5945
5958 1 5957
5959 1 5958
5960 1 5959
5992 205 5787
6004 12 5992
6005 1 6004
6006 1 6005
6007 1 6006
6019 12 6007
6020 1 6019
6021 1 6020
6022 1 6021
6034 12 6022
6035 1 6034
6036 1 6035
6037 1 6036
6038 1 6037
6050 12 6038
6051 1 6050
6052 1 6051
6053 1 6052
6065 12 6053
6066 1 6065
6067 1 6066
6068 1 6067
6080 12 6068
6081 1 6080
6082 1 6081
6083 1 6082
6084 1 6083
6096 12 6084
6097 1 6096
6098 1 6097
6099 1 6098
6126 119 6007
6127 1 6126
6128 1 6127
6129 1 6128
6130 1 6129
6142 12 6130
6143 1 6142
6144 1 6143
6145 1 6144
6172 119 6053
6173 1 6172
6174 1 6173
6175 1 6174
6176 1 6175
6192 20 6172
6204 12 6192
6205 1 6204
6206 1 6205
6207 1 6206
6219 12 6207
6220 1 6219
6221 1 6220
6222 1 6221
6254 82 6172
6266 12 6254
