1
4
5 1 4
6 1 5
7 1 6
8 1 7
10 4 6
16 6 10
18 8 10
19 1 18
21 5 16
31 10 21
32 1 31
33 1 32
42 10 32
46 4 42
56 10 46
57 1 56
66 10 56
70 4 66
79 33 46
82 16 66
91 21 70
96 5 91
104 8 96
105 1 104
107 16 91
116 46 70
129 33 96
130 1 129
131 1 130
141 10 131
158 42 116
165 7 158
168 10 158
179 21 158
180 1 179
182 66 116
191 33 158
204 46 158
205 1 204
206 1 205
216 10 206
217 1 216
218 1 217
219 1 218
229 10 219
230 1 229
244 79 165
256 91 165
266 10 256
267 1 266
268 1 267
281 116 165
290 46 244
315 96 219
316 1 315
317 1 316
318 1 317
328 10 318
329 1 328
330 1 329
352 96 256
353 1 352
354 1 353
355 1 354
365 10 355
366 1 365
367 1 366
402 158 244
403 1 402
404 1 403
405 1 404
415 10 405
416 1 415
417 1 416
427 10 417
428 1 427
429 1 428
430 1 429
440 10 430
441 1 440
442 1 441
452 10 442
453 1 452
454 1 453
464 10 454
465 1 464
466 1 465
467 1 466
477 10 467
478 1 477
479 1 478
489 10 479
490 1 489
491 1 490
492 1 491
502 10 492
503 1 502
504 1 503
514 10 504
515 1 514
516 1 515
567 165 402
577 10 567
578 1 577
579 1 578
589 10 579
590 1 589
591 1 590
601 10 591
602 1 601
603 1 602
604 1 603
614 10 604
615 1 614
616 1 615
626 10 616
627 1 626
628 1 627
638 10 628
639 1 638
640 1 639
641 1 640
651 10 641
652 1 651
653 1 652
675 96 579
676 1 675
677 1 676
678 1 677
688 10 678
689 1 688
690 1 689
712 96 616
713 1 712
714 1 713
715 1 714
728 16 712
738 10 728
739 1 738
740 1 739
750 10 740
751 1 750
752 1 751
753 1 752
763 10 753
764 1 763
765 1 764
775 10 765
776 1 775
777 1 776
787 10 777
788 1 787
789 1 788
790 1 789
800 10 790
801 1 800
802 1 801
812 10 802
813 1 812
814 1 813
815 1 814
825 10 815
826 1 825
827 1 826
837 10 827
838 1 837
839 1 838
877 165 712
887 10 877
888 1 887
889 1 888
890 1 889
899 10 889
936 46 890
937 1 936
938 1 937
939 1 938
949 10 939
950 1 949
951 1 950
961 10 951
962 1 961
963 1 962
964 1 963
974 10 964
975 1 974
976 1 975
1010 46 964
1011 1 1010
1012 1 1011
1013 1 1012
1023 10 1013
1024 1 1023
1025 1 1024
1039 16 1023
1048 158 890
1076 66 1010
1084 8 1076
1086 10 1076
1087 1 1086
1100 16 1084
1110 10 1100
1111 1 1110
1112 1 1111
1113 1 1112
1123 10 1113
1124 1 1123
1125 1 1124
1150 66 1084
1159 46 1113
1172 96 1076
1173 1 1172
1174 1 1173
1184 10 1174
1185 1 1184
1186 1 1185
1187 1 1186
1209 96 1113
1210 1 1209
1211 1 1210
1212 1 1211
1222 10 1212
1223 1 1222
1224 1 1223
1246 96 1150
1247 1 1246
1248 1 1247
1262 16 1246
1271 158 1113
1287 16 1271
1297 10 1287
1298 1 1297
1299 1 1298
1309 10 1299
1310 1 1309
1311 1 1310
1321 10 1311
1322 1 1321
1323 1 1322
1349 165 1184
1358 96 1262
1383 96 1287
1384 1 1383
1385 1 1384
1386 1 1385
1396 10 1386
1397 1 1396
1398 1 1397
1408 10 1398
1409 1 1408
1410 1 1409
1432 46 1386
1433 1 1432
1434 1 1433
1435 1 1434
1448 16 1432
1458 10 1448
1459 1 1458
1460 1 1459
1461 1 1460
1470 10 1460
1498 66 1432
1508 10 1498
1509 1 1508
1510 1 1509
1520 10 1510
1521 1 1520
1522 1 1521
1532 10 1522
1533 1 1532
1534 1 1533
1535 1 1534
1545 10 1535
1546 1 1545
1547 1 1546
1581 46 1535
1582 1 1581
1583 1 1582
1584 1 1583
1619 158 1461
1620 1 1619
1621 1 1620
1622 1 1621
1632 10 1622
1633 1 1632
1634 1 1633
1644 10 1634
1645 1 1644
1646 1 1645
1672 91 1581
1682 10 1672
1683 1 1682
1684 1 1683
1694 10 1684
1695 1 1694
1696 1 1695
1706 10 1696
1707 1 1706
1708 1 1707
1709 1 1708
1719 10 1709
1720 1 1719
1721 1 1720
1731 10 1721
1732 1 1731
1733 1 1732
1734 1 1733
1743 10 1733
1746 165 1581
1756 10 1746
1757 1 1756
1758 1 1757
1796 712 1084
1805 96 1709
1821 16 1805
1831 10 1821
1832 1 1831
1833 1 1832
1843 10 1833
1844 1 1843
1845 1 1844
1846 1 1845
1855 10 1845
1904 158 1746
1905 1 1904
1906 1 1905
1907 1 1906
1920 16 1904
1930 10 1920
1931 1 1930
1932 1 1931
1954 158 1796
1955 1 1954
1956 1 1955
1957 1 1956
1967 10 1957
1968 1 1967
1969 1 1968
1991 158 1833
1992 1 1991
1993 1 1992
1994 1 1993
2007 16 1991
2016 96 1920
2032 16 2016
2042 10 2032
2043 1 2042
2044 1 2043
2054 10 2044
2055 1 2054
2056 1 2055
2066 10 2056
2067 1 2066
2068 1 2067
2094 1010 1084
2103 96 2007
2128 96 2032
2129 1 2128
2130 1 2129
2131 1 2130
2141 10 2131
2142 1 2141
2143 1 2142
2153 10 2143
2154 1 2153
2155 1 2154
2181 165 2016
2191 10 2181
2192 1 2191
2193 1 2192
2203 10 2193
2204 1 2203
2205 1 2204
2206 1 2205
2215 10 2205
2243 1084 1159
2253 10 2243
2254 1 2253
2255 1 2254
2265 10 2255
2266 1 2265
2267 1 2266
2302 96 2206
2303 1 2302
2304 1 2303
2305 1 2304
2314 10 2304
2355 1084 1271
2364 158 2206
2376 21 2355
2377 1 2376
2378 1 2377
2379 1 2378
2389 10 2379
2390 1 2389
2391 1 2390
2451 96 2355
2452 1 2451
2453 1 2452
2454 1 2453
2464 10 2454
2465 1 2464
2466 1 2465
2476 10 2466
2477 1 2476
2478 1 2477
2488 10 2478
2489 1 2488
2490 1 2489
2491 1 2490
2501 10 2491
2502 1 2501
2503 1 2502
2516 1084 1432
2526 10 2516
2527 1 2526
2528 1 2527
2538 10 2528
2539 1 2538
2540 1 2539
2587 96 2491
2588 1 2587
2589 1 2588
2590 1 2589
2600 10 2590
2601 1 2600
2602 1 2601
2649 158 2491
2650 1 2649
2651 1 2650
2652 1 2651
2662 10 2652
2663 1 2662
2664 1 2663
2715 66 2649
2725 10 2715
2726 1 2725
2727 1 2726
2737 10 2727
2738 1 2737
2739 1 2738
2749 10 2739
2750 1 2749
2751 1 2750
2811 96 2715
2812 1 2811
2813 1 2812
2852 1271 1581
2862 10 2852
2863 1 2862
2864 1 2863
2874 10 2864
2875 1 2874
2876 1 2875
2886 10 2876
2887 1 2886
2888 1 2887
2910 46 2864
2911 1 2910
2912 1 2911
2913 1 2912
2923 10 2913
2924 1 2923
2925 1 2924
2935 10 2925
2936 1 2935
2937 1 2936
2938 1 2937
2947 10 2937
2960 96 2864
2961 1 2960
2962 1 2961
2988 1084 1904
2998 10 2988
2999 1 2998
3000 1 2999
3022 158 2864
3023 1 3022
3024 1 3023
3025 1 3024
3035 10 3025
3036 1 3035
3037 1 3036
3047 10 3037
3048 1 3047
3049 1 3048
3050 1 3049
3059 10 3049
3084 96 2988
3085 1 3084
3086 1 3085
3087 1 3086
3097 10 3087
3098 1 3097
3099 1 3098
3109 10 3099
3110 1 3109
3111 1 3110
3158 158 3000
3159 1 3158
3160 1 3159
3161 1 3160
3171 10 3161
3172 1 3171
3173 1 3172
3208 158 3050
3209 1 3208
3210 1 3209
3211 1 3210
3221 10 3211
3222 1 3221
3223 1 3222
3233 10 3223
3234 1 3233
3235 1 3234
3236 1 3235
3246 10 3236
3247 1 3246
3248 1 3247
3258 10 3248
3259 1 3258
3260 1 3259
3261 1 3260
3270 10 3260
3286 16 3270
3296 10 3286
3297 1 3296
3298 1 3297
3308 10 3298
3309 1 3308
3310 1 3309
3311 1 3310
3320 10 3310
3323 165 3158
3333 10 3323
3334 1 3333
3335 1 3334
3345 10 3335
3346 1 3345
3347 1 3346
3348 1 3347
3358 10 3348
3359 1 3358
3360 1 3359
3370 10 3360
3371 1 3370
3372 1 3371
3407 96 3311
3408 1 3407
3409 1 3408
3410 1 3409
3420 10 3410
3421 1 3420
3422 1 3421
3432 10 3422
3433 1 3432
3434 1 3433
3460 1084 2376
3469 158 3311
3556 96 3460
3557 1 3556
3558 1 3557
3559 1 3558
3569 10 3559
3570 1 3569
3571 1 3570
3581 10 3571
3582 1 3581
3583 1 3582
3584 1 3583
3593 10 3583
3609 16 3593
3618 158 3460
3671 1084 2587
3680 96 3584
3692 21 3671
3693 1 3692
3694 1 3693
3695 1 3694
3708 16 3692
3718 10 3708
3719 1 3718
3720 1 3719
3730 10 3720
3731 1 3730
3732 1 3731
3804 96 3708
3805 1 3804
3806 1 3805
3807 1 3806
3817 10 3807
3818 1 3817
3819 1 3818
3845 165 3680
3855 10 3845
3856 1 3855
3928 1076 2852
3929 1 3928
3930 1 3929
3931 1 3930
3944 16 3928
3954 10 3944
3955 1 3954
3956 1 3955
3966 10 3956
3967 1 3966
3968 1 3967
3978 10 3968
3979 1 3978
3980 1 3979
3981 1 3980
3991 10 3981
3992 1 3991
3993 1 3992
4031 1084 2947
4040 96 3944
4056 16 4040
4066 10 4056
4067 1 4066
4068 1 4067
4078 10 4068
4079 1 4078
4080 1 4079
4090 10 4080
4091 1 4090
4092 1 4091
4127 96 4031
4128 1 4127
4129 1 4128
4130 1 4129
4140 10 4130
4141 1 4140
4142 1 4141
4164 96 4068
4165 1 4164
4166 1 4165
4167 1 4166
4177 10 4167
4178 1 4177
4179 1 4178
4205 165 4040
4214 158 4056
4242 1084 3158
4251 46 4205
4267 16 4251
4277 10 4267
4278 1 4277
4279 1 4278
4289 10 4279
4290 1 4289
4291 1 4290
4329 165 4164
4338 96 4242
4400 158 4242
4401 1 4400
4402 1 4401
4403 1 4402
4413 10 4403
4414 1 4413
4415 1 4414
4437 158 4279
4438 1 4437
4439 1 4438
4440 1 4439
4450 10 4440
4451 1 4450
4452 1 4451
4462 10 4452
4463 1 4462
4464 1 4463
4465 1 4464
4475 10 4465
4476 1 4475
4477 1 4476
4524 1672 2852
4525 1 4524
4526 1 4525
4527 1 4526
4537 10 4527
4538 1 4537
4539 1 4538
4549 10 4539
4550 1 4549
4551 1 4550
4552 1 4551
4562 10 4552
4563 1 4562
4564 1 4563
4574 10 4564
4575 1 4574
4576 1 4575
4577 1 4576
4587 10 4577
4588 1 4587
4589 1 4588
4599 10 4589
4600 1 4599
4601 1 4600
4611 10 4601
4612 1 4611
4613 1 4612
4614 1 4613
4624 10 4614
4625 1 4624
4626 1 4625
4636 10 4626
4637 1 4636
4638 1 4637
4639 1 4638
4649 10 4639
4650 1 4649
4651 1 4650
4661 10 4651
4662 1 4661
4663 1 4662
4664 1 4663
4674 10 4664
4675 1 4674
4676 1 4675
4686 10 4676
4687 1 4686
4688 1 4687
4714 165 4549
4724 10 4714
4725 1 4724
4726 1 4725
4736 10 4726
4737 1 4736
4738 1 4737
4748 10 4738
4749 1 4748
4750 1 4749
4751 1 4750
4761 10 4751
4762 1 4761
4763 1 4762
4773 10 4763
4774 1 4773
4775 1 4774
4785 10 4775
4786 1 4785
4787 1 4786
4788 1 4787
4798 10 4788
4799 1 4798
4800 1 4799
4826 165 4661
4836 10 4826
4837 1 4836
4838 1 4837
4848 10 4838
4849 1 4848
4850 1 4849
4860 10 4850
4861 1 4860
4862 1 4861
4863 1 4862
4873 10 4863
4874 1 4873
4875 1 4874
4885 10 4875
4886 1 4885
4887 1 4886
4897 10 4887
4898 1 4897
4899 1 4898
4900 1 4899
4910 10 4900
4911 1 4910
4912 1 4911
4934 96 4838
4935 1 4934
4936 1 4935
4937 1 4936
4947 10 4937
4948 1 4947
4949 1 4948
4971 96 4875
4972 1 4971
4973 1 4972
4974 1 4973
4987 16 4971
4997 10 4987
4998 1 4997
4999 1 4998
5009 10 4999
5010 1 5009
5011 1 5010
5037 66 4971
5047 10 5037
5048 1 5047
5049 1 5048
5059 10 5049
5060 1 5059
5061 1 5060
5071 10 5061
5072 1 5071
5073 1 5072
5074 1 5073
5084 10 5074
5085 1 5084
5086 1 5085
5096 10 5086
5097 1 5096
5098 1 5097
5108 10 5098
5109 1 5108
5110 1 5109
5111 1 5110
5121 10 5111
5122 1 5121
5123 1 5122
5136 165 4971
5146 10 5136
5147 1 5146
5148 1 5147
5158 10 5148
5159 1 5158
5160 1 5159
5161 1 5160
5171 10 5161
5172 1 5171
5173 1 5172
5183 10 5173
5184 1 5183
5185 1 5184
5186 1 5185
5196 10 5186
5197 1 5196
5198 1 5197
5208 10 5198
5209 1 5208
5210 1 5209
5220 10 5210
5221 1 5220
5222 1 5221
5223 1 5222
5233 10 5223
5234 1 5233
5235 1 5234
5245 10 5235
5246 1 5245
5247 1 5246
5282 96 5186
5283 1 5282
5284 1 5283
5285 1 5284
5295 10 5285
5296 1 5295
5297 1 5296
5307 10 5297
5308 1 5307
5309 1 5308
5310 1 5309
5320 10 5310
5321 1 5320
5322 1 5321
5332 10 5322
5333 1 5332
5334 1 5333
5360 1432 3928
5370 10 5360
5371 1 5370
5372 1 5371
5382 10 5372
5383 1 5382
5384 1 5383
5394 10 5384
5395 1 5394
5396 1 5395
5397 1 5396
5407 10 5397
5408 1 5407
5409 1 5408
5419 10 5409
5420 1 5419
5421 1 5420
5431 10 5421
5432 1 5431
5433 1 5432
5434 1 5433
5444 10 5434
5445 1 5444
5446 1 5445
5484 1084 4400
5493 96 5397
5518 158 5360
5519 1 5518
5520 1 5519
5546 1084 4462
5555 158 5397
5571 16 5555
5580 96 5484
5608 1084 4524
5617 46 5571
5629 21 5608
5630 1 5629
5631 1 5630
5632 1 5631
5645 16 5629
5654 46 5608
5667 96 5571
5668 1 5667
5669 1 5668
5679 10 5669
5680 1 5679
5681 1 5680
5682 1 5681
5692 10 5682
5693 1 5692
5694 1 5693
5729 158 5571
5730 1 5729
5731 1 5730
5732 1 5731
5742 10 5732
5743 1 5742
5744 1 5743
5754 10 5744
5755 1 5754
5756 1 5755
5757 1 5756
5767 10 5757
5768 1 5767
5769 1 5768
5779 10 5769
5780 1 5779
5781 1 5780
5791 10 5781
5792 1 5791
5793 1 5792
5819 165 5654
5828 96 5732
5853 96 5757
5854 1 5853
5855 1 5854
5856 1 5855
5866 10 5856
5867 1 5866
5868 1 5867
5878 10 5868
5879 1 5878
5880 1 5879
5881 1 5880
5891 10 5881
5892 1 5891
5893 1 5892
5903 10 5893
5904 1 5903
5905 1 5904
5906 1 5905
5916 10 5906
5917 1 5916
5918 1 5917
5928 10 5918
5929 1 5928
5930 1 5929
5931 1 5930
5940 10 5930
5989 96 5893
5990 1 5989
5991 1 5990
5992 1 5991
6005 16 5989
6015 10 6005
6016 1 6015
6017 1 6016
6039 158 5881
6040 1 6039
6041 1 6040
6042 1 6041
6052 10 6042
6053 1 6052
6054 1 6053
6080 91 5989
6089 158 5931
6126 46 6080
6127 1 6126
6128 1 6127
6129 1 6128
6139 10 6129
6140 1 6139
6141 1 6140
6151 10 6141
6152 1 6151
6153 1 6152
6167 16 6151
6176 96 6080
6188 21 6167
6189 1 6188
6190 1 6189
6191 1 6190
6201 10 6191
6202 1 6201
6203 1 6202
6238 158 6080
6239 1 6238
6240 1 6239
